0 0.30649038461538464 0.9098557692307693 0.1875 0.17668269230769232
0 0.32572115384615385 0.75 0.17307692307692307 0.19110576923076922
0 0.3473557692307692 0.6105769230769231 0.15144230769230768 0.14423076923076922
0 0.33653846153846156 0.4879807692307692 0.14182692307692307 0.13822115384615385
0 0.359375 0.375 0.1310096153846154 0.12860576923076922
0 0.4110576923076923 0.25 0.12740384615384615 0.17427884615384615
0 0.5012019230769231 0.7427884615384616 0.1502403846153846 0.19110576923076922
0 0.5120192307692307 0.6081730769230769 0.1502403846153846 0.1502403846153846
0 0.515625 0.4735576923076923 0.13221153846153846 0.15865384615384615
0 0.5853365384615384 0.31009615384615385 0.10096153846153846 0.18870192307692307
0 0.6069711538461539 0.8930288461538461 0.13341346153846154 0.2091346153846154
0 0.47596153846153844 0.10817307692307693 0.10817307692307693 0.12379807692307693
0 0.3762019230769231 0.11298076923076923 0.09134615384615384 0.11538461538461539
0 0.7151442307692307 0.43028846153846156 0.12620192307692307 0.13701923076923078
0 0.8233173076923077 0.34615384615384615 0.1141826923076923 0.10336538461538461
0 0.9411057692307693 0.3293269230769231 0.11538461538461539 0.14783653846153846
0 0.8545673076923077 0.546875 0.1201923076923077 0.11538461538461539
0 0.8040865384615384 0.7091346153846154 0.14903846153846154 0.18269230769230768
0 0.9375 0.7103365384615384 0.11778846153846154 0.20673076923076922
0 0.7884615384615384 0.08653846153846154 0.09615384615384616 0.1045673076923077
0 0.9170673076923077 0.07572115384615384 0.08653846153846154 0.09615384615384616
0 0.453125 0.9038461538461539 0.11899038461538461 0.18269230769230768
0 0.8461538461538461 0.4483173076923077 0.11778846153846154 0.14543269230769232
0 0.06129807692307692 0.3545673076923077 0.12259615384615384 0.14543269230769232
0 0.08774038461538461 0.5288461538461539 0.1310096153846154 0.12860576923076922
0 0.22355769230769232 0.33774038461538464 0.11177884615384616 0.09495192307692307
0 0.0673076923076923 0.2127403846153846 0.11658653846153846 0.09014423076923077
0 0.18028846153846154 0.20793269230769232 0.10697115384615384 0.08774038461538461
0 0.06610576923076923 0.7103365384615384 0.1310096153846154 0.14423076923076922
0 0.11298076923076923 0.9266826923076923 0.15865384615384615 0.14182692307692307
0 0.14182692307692307 0.8004807692307693 0.14302884615384615 0.12980769230769232
0 0.17307692307692307 0.14182692307692307 0.10336538461538461 0.09495192307692307
0 0.25961538461538464 0.051682692307692304 0.09014423076923077 0.0673076923076923
0 0.14903846153846154 0.6069711538461539 0.14302884615384615 0.09975961538461539
0 0.10576923076923077 0.4483173076923077 0.12620192307692307 0.10096153846153846
0 0.0733173076923077 0.10336538461538461 0.10336538461538461 0.05889423076923077