0 0.7944711538461539 0.734375 0.40865384615384615 0.5288461538461539
0 0.6802884615384616 0.15865384615384615 0.421875 0.23197115384615385
0 0.3125 0.8713942307692307 0.14302884615384615 0.2548076923076923
0 0.42908653846153844 0.7548076923076923 0.12740384615384615 0.16706730769230768
0 0.13701923076923078 0.9110576923076923 0.203125 0.17427884615384615
0 0.20192307692307693 0.8100961538461539 0.15985576923076922 0.17668269230769232
0 0.29086538461538464 0.7079326923076923 0.15264423076923078 0.13581730769230768
0 0.25841346153846156 0.5709134615384616 0.16826923076923078 0.12139423076923077
0 0.15384615384615385 0.5372596153846154 0.13581730769230768 0.09375
0 0.046875 0.5276442307692307 0.0829326923076923 0.15745192307692307
0 0.2692307692307692 0.4891826923076923 0.14182692307692307 0.11057692307692307
0 0.3798076923076923 0.5432692307692307 0.15504807692307693 0.11057692307692307