0 0.19230769230769232 0.6634615384615384 0.23677884615384615 0.2920673076923077
0 0.4014423076923077 0.6646634615384616 0.2091346153846154 0.2920673076923077
0 0.8221153846153846 0.6838942307692307 0.24278846153846154 0.3125
0 0.6081730769230769 0.6586538461538461 0.19831730769230768 0.265625
0 0.9338942307692307 0.3389423076923077 0.12620192307692307 0.18509615384615385
0 0.15985576923076922 0.3293269230769231 0.18269230769230768 0.21394230769230768
0 0.3245192307692308 0.2980769230769231 0.12860576923076922 0.2091346153846154
0 0.46634615384615385 0.3245192307692308 0.15625 0.15504807692307693
0 0.6298076923076923 0.33533653846153844 0.1466346153846154 0.15745192307692307
0 0.7884615384615384 0.3557692307692308 0.15264423076923078 0.17307692307692307
0 0.7728365384615384 0.06009615384615385 0.1502403846153846 0.11778846153846154
0 0.6141826923076923 0.05889423076923077 0.14302884615384615 0.11778846153846154
0 0.46153846153846156 0.04927884615384615 0.1502403846153846 0.0985576923076923
0 0.29447115384615385 0.052884615384615384 0.140625 0.10576923076923077
0 0.9242788461538461 0.0625 0.13581730769230768 0.1141826923076923