0 0.7127403846153846 0.18629807692307693 0.20192307692307693 0.36899038461538464
0 0.5120192307692307 0.21394230769230768 0.1971153846153846 0.32572115384615385
0 0.2980769230769231 0.23798076923076922 0.21033653846153846 0.31490384615384615
0 0.9038461538461539 0.24639423076923078 0.18870192307692307 0.30288461538461536
0 0.14302884615384615 0.4567307692307692 0.15865384615384615 0.3233173076923077
0 0.6670673076923077 0.46274038461538464 0.18028846153846154 0.33653846153846156
0 0.3918269230769231 0.6610576923076923 0.17548076923076922 0.2668269230769231
0 0.9182692307692307 0.6550480769230769 0.16105769230769232 0.3269230769230769
0 0.5697115384615384 0.6670673076923077 0.17548076923076922 0.31850961538461536
0 0.3004807692307692 0.4699519230769231 0.17427884615384615 0.2692307692307692
0 0.16826923076923078 0.6694711538461539 0.20552884615384615 0.3329326923076923
0 0.7463942307692307 0.6670673076923077 0.18269230769230768 0.31490384615384615
0 0.4675480769230769 0.46274038461538464 0.21394230769230768 0.31490384615384615
0 0.8521634615384616 0.4423076923076923 0.20192307692307693 0.31009615384615385