0 0.8581730769230769 0.5204326923076923 0.0733173076923077 0.15985576923076922
0 0.8581730769230769 0.23798076923076922 0.08533653846153846 0.16947115384615385
0 0.609375 0.3173076923076923 0.08413461538461539 0.12620192307692307
0 0.4795673076923077 0.5336538461538461 0.07091346153846154 0.10216346153846154
0 0.5336538461538461 0.6009615384615384 0.07451923076923077 0.12139423076923077
0 0.4014423076923077 0.11298076923076923 0.078125 0.1466346153846154
0 0.8257211538461539 0.11298076923076923 0.07692307692307693 0.10216346153846154
0 0.49038461538461536 0.4098557692307692 0.06129807692307692 0.09014423076923077
0 0.484375 0.7331730769230769 0.06610576923076923 0.1346153846153846
0 0.5961538461538461 0.4879807692307692 0.06370192307692307 0.09975961538461539
0 0.5492788461538461 0.2956730769230769 0.06129807692307692 0.12620192307692307
0 0.6802884615384616 0.3245192307692308 0.0733173076923077 0.1045673076923077