0 0.38461538461538464 0.35336538461538464 0.18028846153846154 0.27884615384615385
0 0.6129807692307693 0.5649038461538461 0.18509615384615385 0.2848557692307692
0 0.6838942307692307 0.16947115384615385 0.1875 0.2848557692307692
0 0.9098557692307693 0.38100961538461536 0.17668269230769232 0.2764423076923077
0 0.8305288461538461 0.8052884615384616 0.18509615384615385 0.2848557692307692
0 0.9350961538461539 0.07091346153846154 0.12620192307692307 0.14182692307692307
0 0.46033653846153844 0.046875 0.171875 0.09254807692307693
0 0.1622596153846154 0.13581730769230768 0.18629807692307693 0.27163461538461536
0 0.2920673076923077 0.7151442307692307 0.18629807692307693 0.2824519230769231
0 0.5096153846153846 0.9050480769230769 0.18990384615384615 0.18389423076923078
0 0.07932692307692307 0.5072115384615384 0.15865384615384615 0.2764423076923077
0 0.07451923076923077 0.8810096153846154 0.14903846153846154 0.23317307692307693