0 0.14423076923076922 0.7403846153846154 0.1622596153846154 0.3125
0 0.1875 0.46274038461538464 0.19951923076923078 0.20673076923076922
0 0.23197115384615385 0.28846153846153844 0.18509615384615385 0.16826923076923078
0 0.3798076923076923 0.1778846153846154 0.20552884615384615 0.18028846153846154
0 0.6862980769230769 0.125 0.14302884615384615 0.24519230769230768
0 0.6177884615384616 0.43509615384615385 0.22115384615384615 0.21754807692307693
0 0.4579326923076923 0.5925480769230769 0.1466346153846154 0.2824519230769231
0 0.36778846153846156 0.8533653846153846 0.1935096153846154 0.2536057692307692
0 0.7175480769230769 0.8605769230769231 0.18990384615384615 0.2776442307692308
0 0.796875 0.3737980769230769 0.14903846153846154 0.26322115384615385
0 0.5192307692307693 0.2800480769230769 0.21394230769230768 0.20192307692307693
0 0.546875 0.09254807692307693 0.125 0.18028846153846154
0 0.7764423076923077 0.6081730769230769 0.1622596153846154 0.22596153846153846
0 0.30288461538461536 0.6262019230769231 0.15144230769230768 0.26322115384615385
0 0.3557692307692308 0.38341346153846156 0.13942307692307693 0.2403846153846154
0 0.5384615384615384 0.8942307692307693 0.20192307692307693 0.20673076923076922
0 0.5973557692307693 0.6622596153846154 0.16466346153846154 0.2668269230769231