0 0.1201923076923077 0.7439903846153846 0.19471153846153846 0.20673076923076922
0 0.46875 0.4723557692307692 0.18269230769230768 0.18028846153846154
0 0.3004807692307692 0.5192307692307693 0.18509615384615385 0.18028846153846154
0 0.2776442307692308 0.32211538461538464 0.17548076923076922 0.17307692307692307
0 0.28125 0.8497596153846154 0.18990384615384615 0.20192307692307693
0 0.5829326923076923 0.6370192307692307 0.18509615384615385 0.20072115384615385
0 0.18389423076923078 0.4795673076923077 0.17067307692307693 0.1814903846153846
0 0.609375 0.14903846153846154 0.13341346153846154 0.1346153846153846
0 0.7788461538461539 0.2692307692307692 0.1466346153846154 0.1466346153846154
0 0.7391826923076923 0.42427884615384615 0.140625 0.13341346153846154
0 0.9362980769230769 0.38822115384615385 0.11177884615384616 0.20673076923076922
0 0.5949519230769231 0.3786057692307692 0.13942307692307693 0.13341346153846154
0 0.6346153846153846 0.25961538461538464 0.13701923076923078 0.13341346153846154
0 0.7415865384615384 0.1346153846153846 0.1141826923076923 0.12980769230769232