0 0.17307692307692307 0.4639423076923077 0.26322115384615385 0.3016826923076923
0 0.41947115384615385 0.4050480769230769 0.16706730769230768 0.3545673076923077
0 0.19831730769230768 0.23317307692307693 0.22235576923076922 0.19110576923076922
0 0.5 0.171875 0.1502403846153846 0.328125
0 0.37740384615384615 0.11177884615384616 0.12379807692307693 0.21754807692307693
0 0.5769230769230769 0.8509615384615384 0.15625 0.23317307692307693
0 0.8016826923076923 0.8485576923076923 0.18269230769230768 0.19110576923076922
0 0.3389423076923077 0.8161057692307693 0.125 0.23557692307692307
0 0.19110576923076922 0.8689903846153846 0.13822115384615385 0.25841346153846156
0 0.8665865384615384 0.33533653846153844 0.1875 0.3173076923076923
0 0.7007211538461539 0.20673076923076922 0.18509615384615385 0.3016826923076923
0 0.8197115384615384 0.10697115384615384 0.18990384615384615 0.21394230769230768
0 0.12740384615384615 0.12740384615384615 0.18990384615384615 0.21153846153846154