0 0.7451923076923077 0.5480769230769231 0.24639423076923078 0.27283653846153844
0 0.5877403846153846 0.8076923076923077 0.1814903846153846 0.38100961538461536
0 0.4326923076923077 0.5697115384615384 0.13221153846153846 0.33052884615384615
0 0.39903846153846156 0.859375 0.22235576923076922 0.2764423076923077
0 0.9098557692307693 0.8533653846153846 0.17908653846153846 0.2848557692307692
0 0.46875 0.21875 0.11658653846153846 0.3125
0 0.3605769230769231 0.1502403846153846 0.16105769230769232 0.2283653846153846
0 0.3004807692307692 0.3858173076923077 0.12259615384615384 0.19951923076923078
0 0.3112980769230769 0.6021634615384616 0.11057692307692307 0.24879807692307693
0 0.7319711538461539 0.34375 0.12740384615384615 0.1778846153846154
0 0.5384615384615384 0.46274038461538464 0.12259615384615384 0.27283653846153844
0 0.8076923076923077 0.20432692307692307 0.12740384615384615 0.28966346153846156
0 0.5757211538461539 0.14543269230769232 0.17067307692307693 0.2127403846153846