0 0.41586538461538464 0.16826923076923078 0.10817307692307693 0.21514423076923078
0 0.8629807692307693 0.20072115384615385 0.13341346153846154 0.20552884615384615
0 0.6334134615384616 0.20192307692307693 0.1045673076923077 0.17548076923076922
0 0.8389423076923077 0.6971153846153846 0.13701923076923078 0.34134615384615385
0 0.10336538461538461 0.38461538461538464 0.16947115384615385 0.14182692307692307
0 0.1310096153846154 0.1935096153846154 0.15625 0.21995192307692307
0 0.39783653846153844 0.46033653846153844 0.1141826923076923 0.2439903846153846
0 0.5865384615384616 0.6394230769230769 0.12620192307692307 0.27283653846153844
0 0.1502403846153846 0.49158653846153844 0.13942307692307693 0.18990384615384615
0 0.7439903846153846 0.20432692307692307 0.10697115384615384 0.1971153846153846
0 0.46274038461538464 0.6466346153846154 0.1141826923076923 0.24879807692307693
0 0.6526442307692307 0.4891826923076923 0.1141826923076923 0.21995192307692307