0 0.17668269230769232 0.3894230769230769 0.04447115384615385 0.0733173076923077
0 0.08052884615384616 0.4375 0.052884615384615384 0.078125
0 0.055288461538461536 0.53125 0.055288461538461536 0.06610576923076923
0 0.30649038461538464 0.5024038461538461 0.04927884615384615 0.08774038461538461
0 0.20552884615384615 0.6911057692307693 0.04326923076923077 0.055288461538461536
0 0.5612980769230769 0.39903846153846156 0.0829326923076923 0.14903846153846154
0 0.6418269230769231 0.4326923076923077 0.08774038461538461 0.15504807692307693
0 0.8653846153846154 0.5072115384615384 0.06971153846153846 0.11298076923076923
0 0.7596153846153846 0.7728365384615384 0.07451923076923077 0.11538461538461539
0 0.6947115384615384 0.7415865384615384 0.06009615384615385 0.10817307692307693
0 0.8894230769230769 0.34975961538461536 0.04927884615384615 0.08533653846153846
0 0.6887019230769231 0.8918269230769231 0.0673076923076923 0.09375
0 0.7560096153846154 0.9014423076923077 0.06009615384615385 0.10576923076923077
0 0.9675480769230769 0.7752403846153846 0.04326923076923077 0.07211538461538461
0 0.9699519230769231 0.07692307692307693 0.039663461538461536 0.06610576923076923
0 0.2956730769230769 0.7560096153846154 0.03365384615384615 0.052884615384615384
0 0.2764423076923077 0.6526442307692307 0.028846153846153848 0.04567307692307692
0 0.4699519230769231 0.29927884615384615 0.05048076923076923 0.09615384615384616
0 0.9555288461538461 0.15384615384615385 0.036057692307692304 0.05048076923076923
0 0.18990384615384615 0.6189903846153846 0.03365384615384615 0.051682692307692304
0 0.1346153846153846 0.38461538461538464 0.04927884615384615 0.08052884615384616
0 0.6069711538461539 0.6694711538461539 0.04326923076923077 0.0673076923076923