0 0.38221153846153844 0.765625 0.23076923076923078 0.39302884615384615
0 0.6225961538461539 0.8052884615384616 0.22716346153846154 0.37740384615384615
0 0.8713942307692307 0.75 0.2439903846153846 0.42427884615384615
0 0.15625 0.8173076923076923 0.22716346153846154 0.3605769230769231
0 0.859375 0.4110576923076923 0.21033653846153846 0.2824519230769231
0 0.8413461538461539 0.13341346153846154 0.18509615384615385 0.25240384615384615
0 0.6466346153846154 0.13701923076923078 0.18629807692307693 0.25240384615384615
0 0.6490384615384616 0.41947115384615385 0.20072115384615385 0.3112980769230769
0 0.4387019230769231 0.4026442307692308 0.203125 0.33413461538461536
0 0.23798076923076922 0.4807692307692308 0.18990384615384615 0.25841346153846156
0 0.0733173076923077 0.43028846153846156 0.1466346153846154 0.25
0 0.10817307692307693 0.1346153846153846 0.18509615384615385 0.25600961538461536
0 0.2824519230769231 0.18509615384615385 0.171875 0.2644230769230769
0 0.45072115384615385 0.14543269230769232 0.15865384615384615 0.23798076923076922