0 0.3870192307692308 0.7283653846153846 0.20192307692307693 0.12980769230769232
0 0.3701923076923077 0.6286057692307693 0.14903846153846154 0.08413461538461539
0 0.22355769230769232 0.7019230769230769 0.10576923076923077 0.15504807692307693
0 0.23197115384615385 0.8317307692307693 0.15144230769230768 0.10697115384615384
0 0.5889423076923077 0.6057692307692307 0.14543269230769232 0.12860576923076922
0 0.6466346153846154 0.8497596153846154 0.13942307692307693 0.11778846153846154
0 0.4495192307692308 0.921875 0.17427884615384615 0.12139423076923077
0 0.375 0.5336538461538461 0.12139423076923077 0.12860576923076922
0 0.6526442307692307 0.25721153846153844 0.15504807692307693 0.13701923076923078
0 0.5661057692307693 0.38100961538461536 0.15144230769230768 0.13701923076923078
0 0.7283653846153846 0.6057692307692307 0.15745192307692307 0.19951923076923078
0 0.8100961538461539 0.29447115384615385 0.14302884615384615 0.15264423076923078
0 0.9002403846153846 0.16706730769230768 0.15384615384615385 0.11899038461538461
0 0.6574519230769231 0.11177884615384616 0.13341346153846154 0.12860576923076922
0 0.453125 0.24639423076923078 0.12860576923076922 0.11899038461538461